packages/cli/src/public-api/v1/handlers/workflows/spec/paths/transferWorkflow.generated.yml
  ai_agent 17,38-39
packages/cli/src/public-api/v1/handlers/workflows/spec/paths/updateWorkflowTags.generated.yml
  ai_agent 17,45-46
packages/cli/src/public-api/v1/handlers/workflows/spec/paths/publishWorkflow.generated.yml
  ai_agent 581-582
packages/cli/src/public-api/v1/handlers/workflows/spec/paths/createWorkflow.generated.yml
  ai_agent 11,1202-1203
packages/cli/src/public-api/v1/handlers/git-connections/spec/paths/createGitConnection.generated.yml
  ai_agent 11,61-62
.github/scripts/pnpm-lock.yaml
  ai_agent 29-31,43,78-79,99-100,112-113,182-183,187,264-265,268-269,275-277,290-291,294-295,301-303,344-345,457-458,483-484,595-596,644-645,653-654,738-739,761-762,769-770,908-909,949-950,978-979,1075-1076,1079-1080,1154-1155,1159-1160,1172-1173,1192-1194,1199,1210,1229,1231-1232,1245,1247,1249,1254-1255,1260,1264,1269,1313,1320,1425,1459-1461,1466,1468,1471,1473-1474,1479-1480,1491,1493,1495,1497-1501,1508-1511,1535,1542,1573,1635,1701,1713,1719,1724,1733,1835,1873,1912,1924,1943,2002,2019,2024,2141,2155,2157-2158,2194,2226,2288,2316-2317,2327,2329,2384,2392-2393,2399
packages/cli/src/public-api/v1/handlers/role-mapping-rules/spec/paths/deleteRoleMappingRule.generated.yml
  ai_agent 1-28
packages/cli/src/public-api/v1/handlers/role-mapping-rules/spec/paths/moveRoleMappingRule.generated.yml
  ai_agent 17,43-44
packages/cli/src/public-api/v1/handlers/roles/spec/paths/createRole.generated.yml
  ai_agent 11,50-51
pnpm-lock.yaml
  ai_agent 25-26,46-47,49-50,112-113,130-131,136-137,331-332,351-356,367-368,489-491,547-548,621-622,632-634,662-669,819-821,847-866,874,884-886,895,901,928,931,970,976,991,994,1000,1003,1009,1015,1020,1027,1097,1122,1128,1131,1134,1137,1140,1157-1158,1164,1207,1225,1234,1237,1240,1243,1246,1279,1282,1285,1288,1299,1306,1349,1364,1410,1483,1510,1519,1522,1568,1607,1626,1657,1660,1706,1715,1740,1762,1774,1787,1799,1833,1867,1891,1931,1946,1955,2007,2041,2075,2161,2176,2182,2191,2234,2259,2277-2280,2302,2306-2308,2320,2323,2329,2342,2354,2367,2376,2379,2382,2385,2391,2394,2397,2400,2403,2406,2409,2412,2421,2427,2433,2436,2439,2455,2461,2464,2479,2546,2562,2632,2641,2667-2668,2671,2674,2679-2680,2691-2692,2697-2698,2704,2712,2714,2717,2736-2741,2751-2753,2759,2783,2798,2805,2826,2835,2841,2863,2881,2908,2920,2929,2944,2984,3012,3030-3046,3070,3073,3076,3079,3103,3113,3125,3150,3159,3162,3168,3183,3186,3189,3195,3198,3207,3210,3213,3216,3219,3222,3225,3228,3231,3234,3237,3240,3243,3246,3249,3252,3255,3258,3261,3264,3267,3270,3273,3276,3279,3282,3288,3294,3318,3327,3351,3372,3390-3393,3396,3408,3438,3485-3487,3508,3517,3526,3554,3566,3569,3572,3575,3594,3622,3625,3640,3655,3658,3661,3683,3714,3738,3790,3797-3799,3821,3830,3861,3952,3961,3988,4033,4054,4112,4118,4136,4139,4142,4145,4148,4151,4154,4157,4160,4166,4172,4289,4295,4316,4319,4325,4334,4343,4352,4367,4373,4379,4385,4400,4418,4421,4450-4451,4507,4528-4529,4550,4556,4565,4571,4620,4722,4734,4755,4773,4782,4821,4824,4827,4842,4942,4957,4985,4994,5006,5009,5082,5094,5100,5103,5170,5191,5354,5362,5369,5387,5402,5408,5426,5429,5445,5457,5463,5466,5481,5493,5533,5573,5625,5643,5664,5707,5774,5789,5865,5877,5886,5907,6027,6063,6162,6262,6316,6319,6326-6328,6376,6446,6449,6461,6510,6522,6531,6566-6567,6573,6579,6597,6624,6648,6684,6687,6690,6693,6738,6756,6759,6895,6916,6953,6962,6965,6968,6971,6974,6983,6986,7030,7036,7046-7048,7051,7060,7063,7066,7117,7132,7165,7190,7212,7236,7242,7297,7312,7315,7354,7432-7433,7480-7481,7490-7491,7496-7497,7537-7545,7775-7777,7779,7848,8867-8868,8870-8871,8873-8874,9633-9634,9637,9670,10033-10034,10992-10993,12593-12594,12905-12906,13993-13995,13997,14104-14108,14288,14529-14530,15005-15008,15399-15401,15802,15822-15825,15845-15848,15877-15878,16287-16290,16298-16301,16314-16317,16327-16330,16534-16537,16812,17027-17029,18714-18715,19696-19700,20001-20004,20237-20240,20720,20906-20907,20984,21992-21994,22703-22705,23388,23808,23810,23846,23899,23901-23902,23906,23913,23954,23956,23958,23970,23972,23979,24028-24034,24063,24093,24099,24106,24116,24124,24139,24150,24168,24172,24267-24268,24311-24312,24354,24433-24434,24569-24570,24612-24613,24643,24658,24680,24715,24721,24734,24752,24764,24783,24806,24829,24840,24878,24905,24942,24975,24992-24993,25008,25010-25013,25056,25111,25120,25131,25144,25154,25165,25187-25188,25230-25231,25268,25307,25322,25441,25445-25446,25456,25459,25464,25467-25468,25470-25471,25476,25479-25480,25484,25487-25488,25490,25493,25502,25505,25507-25509,25518,25521,25531,25534-25536,25538-25539,25547,25550-25553,25555,25557-25558,25563,25566-25569,25571,25573-25574,25579,25581,25605,25607-25609,25611,25613-25614,25620,25623-25626,25628,25630,25632,25638,25641-25644,25646,25648,25650-25651,25657,25660-25662,25664-25665,25680,25685,25687,25689-25710,25722-25723,25730,25740,25742,25744,25746-25748,25753,25755,25757-25761,25766,25768-25775,25779,25781-25784,25786,25788-25791,25793,25795-25800,25804,25806-25811,25815,25817-25822,25826,25828,25830-25831,25835,25837,25842,25844-25845,25849,25851-25852,25856,25858-25861,25865,25867-25872,25874,25876-25881,25883,25885,25887,25889,25891-25894,25898,25900-25903,25907,25909-25912,25916,25918-25921,25925,25927-25930,25934,25936-25939,25941,25943-25944,25948,25950,25952-25954,25956,25958-25962,25964,25966-25968,25972,25974-25975,25977,25979-25983,25985,25987,25989,25993,25995,25997,26001,26003,26006,26008,26011,26013,26016,26018,26021,26023,26025-26026,26030,26032,26034-26035,26039,26041-26491,26494,26498,26500-26501,26503-26504,26508,26510-26543,26546,26548,26551,26553,26556,26558,26561,26563-26568,26571-26600,26604-26614,26616,26618,26622-26635,26637,26640,26642-26643,26648,26650-26651,26653-26654,26656,26658-26660,26665,26667,26669,26674-26700,26702-26703,26706,26708,26711,26713,26716,26718,26721,26723,26726,26728,26730,26734-26762,26764,26767,26769,26772,26774-26776,26778-26781,26783,26785,26787,26789-26790,26794-26822,26824-26825,26828,26830-26831,26834,26836-26837,26840,26842-26844,26846-26914,26916,26919,26923-26986,26992,26994,26999-27017,27019,27022-27024,27033-27034,27036,27041,27043-27055,27126,27132,27134-27135,27147,27149,27151,27159,27161,27168,27170-27173,27183,27185,27192,27194-27195,27247,27253,27259,27336,27338,27346,27348,27351,27365,27367,27395,27399,27406,27410,27412-27413,27421,27460,27462,27467,27469,27474,27476-27486,27489-27494,27496,27507,27510,27512,27514-27590,27688,27696,27702,27709,27715,27723,27734,27741,27745,27757,27890,27892,27895,27897-27902,27907-27915,27937,27951-27965,28026,28034-28035,28040,28048-28049,28068,28070,28075,28077,28082,28091-28092,28096-28097,28103,28105,28108,28159,28177,28181,28205,28457,28465,28467-28468,28471,28477,28481,28483-28485,28506,28508,28515,28517-28521,28524,28535,28537-28538,28541-28542,28550,28555,28558-28559,28563,28568-28570,28579,28581-28585,28588,28599-28600,28602,28604,28625,28628-28629,28633,28638,28649,28665,28681,28683,28686,28688-28689,28694,28697,28700,28702,28707,28709,28714,28716,28719,28721,28723,28729,28733,28735,28745,28747,28757,28759-28761,28770,28772-28774,28783,28785-28787,28797,28799-28801,28811,28813-28815,28824,28826,28830,28832-28833,28843,28845,28849,28851,28861,28863,28873,28875,28882,28884,28890,28892,28895,28897,28900,28902,29021,29030,29034,29051,29053-29055,29061-29062,29072,29079-29080,29090,29095-29096,29103-29104,29114,29116-29117,29123-29124,29136,29138,29140,29146,29148,29151,29153,29160,29162-29163,29170,29172-29176,29178,29181,29197,29199-29202,29215,29217,29220,29222,29229,29290,29292,29305,29315-29316,29365,29367,29372,29388,29393,29508-29509,29609,29688,29690,29934,29938,29944-29954,29959-29968,29972,29977,29981,29986,29990,29995,30140,30158,30171-30202,30220,30255,30282,30284-30285,30516,30519,30521,30579,30581,30594,30596,30608,30613,30881,30883-30884,30895,30966,30968,30970,31004,31006,31034,31044,31057,31060,31067,31070,31074,31076,31091,31094,31111,31114,31121,31123,31173,31176,31189,31195,31239,31322,31328,31351,31362,31385,31407,31479,31483,31512,31590,31596,31637,31673,31749,31753,31781-31830,31832,31835-31837,31849,31852,31856,31858,31860-31869,31871,32003,32005,32009,32012,32016,32018,32022,32024,32028,32030,32088,32300,32570,32572,32920,32923,32925-32926,32928,32937,32940,32942-32943,32945,32954,32958,32961,32966,32970,32973,32978,32982,32985,32990,32999,33008,33017,33026,33028-33030,33032,33061,33063-33064,33066,33072,33074-33075,33077,33085,33087,33101,33103,33117,33119,33133,33135,33149,33151,33154-33155,33160,33162,33165-33166,33171,33173,33176-33177,33182,33184,33187-33188,33262,33269,33271-33272,33340,33342-33347,33359,33361,33365,33367,33377,33393,33413,33516-33524,33529-33547,33553,33555,33598,33680,33693,33706,34011-34017,34036,34038-34040,34086,34088,34126,34131-34136,34139-34140,34144,34148-34149,34449,34451,34454-34464,34466,34468,34474,34476,34478-34488,34500-34509,34512-34513,34518-34526,34528-34529,34534-34541,34543-34544,34548,34550,34626,34642-34643,34767,34774,34779,34784-34785,34801,34805,34813,34817,34842,34857,34988,34992-34993,34998,35097-35100,35288,35292,35578-35585,35609-35610,35631,35743,35746-35747,35755-35761,35764-35771,35875,35879,35938,35940,35947,35955,36023,36025-36026,36052,36061,36066,36099-36104,36109-36110,36123-36126,36141-36146,36234,36236-36238,36243,36245-36247,36250,36259,36262-36263,36279,36287,36291,36294,36383-36384,36589,36591,36593,36595,36603,36620,36622,36628,36631,36639-36640,36644,36648-36651,36655,36657-36658,36661,36666,36674-36675,36679,36688-36690,36702,36708,36710,36713,36715,36727,36729,36746,36748,36751,36753-36754,36760,36763,36768,36781,36783,36785,36787,36789-36790,36795,36812,36814,36816,36818,36855,36857,36859,36862-36904,36941,36946,37084,37092,37109,37111,37114,37116,37119,37122,37131,37142-37144,37151,37154,37164,37175-37177,37201,37242-37243,37328,37330,37363,37415,37417,37419,37556,37559,37564,37566,37572,37574,37579,37581,37668,37780,37793,37797-37798,37804,37808-37810,37815,37822,37827,37877,37879,38056,38059,38065,38068,38073-38081,38088,38092,38099,38102,38116,38123-38130,38132,38137-38145,38168,38173,38175,38178,38184,38299,38303,38306,38309,38669-38698,38705-38706,38844,38885,38887-38889,38904,38906-38908,38923,38925-38927,39143,39145,39318,39324,39380,39383,39385-39386,39396,39476,39483,39501,39505,39511,39514,39519,39524,39529,39533,39538,39540,39542-39545,39774,40284,40288,40317,40324,40327,40334,40354,40362,40372-40373,40409,40416,40477-40478,40598,40603,40800-40803,40806,41082-41085,41131,41136-41138,41140,41536,41547-41548,41612-41614,41648,41650,41756,41760-41761,41763,41765,41777-41779,41870,41872,41884,41886,41890,41899,41901,41905,42011,42105,42107,42221,42224,42226,42232,42235,42267-42274,42323,42325,42327,42331,42348,42561,42792,42794,42810,42841,42846,42850,42855,42990,42992,43010,43072,43075-43076,43082,43093,43106,43113,43115,43122,43172,43179,43239-43243,43446,43449-43451,43455,43457,43459,43461-43463,43467,43469-43470,43472,43482,43484-43528,43572,43632,43638,43652,43655,43692,43694,43795,43797-43798,43811,43813-43814,43839,43848,43851,43957,43964,44262,44355,44357-44360,44496,44500,44698,44702,44773,44779,44785,44791-44822,44824,44851,44882,44915,44918,44977,44983,44989,45098,45101,45227,45231
packages/cli/src/public-api/v1/handlers/roles/spec/paths/updateRole.generated.yml
  ai_agent 17,54-55
packages/cli/src/public-api/v1/openapi.decorator-routes.generated.yml
  ai_agent 46-47
packages/cli/src/public-api/v1/handlers/git-connections/spec/paths/cloneGitConnection.generated.yml
  ai_agent 41-42
packages/cli/src/public-api/v1/handlers/git-connections/spec/paths/updateGitConnection.generated.yml
  ai_agent 64-65
packages/cli/src/public-api/v1/handlers/role-mapping-rules/spec/paths/createRoleMappingRule.generated.yml
  ai_agent 11,55-56
packages/cli/src/public-api/v1/handlers/role-mapping-rules/spec/paths/updateRoleMappingRule.generated.yml
  ai_agent 48-49
---
{
  "schema_version": "authorship/3.0.0",
  "git_ai_version": "1.5.2",
  "base_commit_sha": "4704f2c3873162a7f1da7bf1be50c21d0b33f065",
  "prompts": {}
}