pnpm-lock.yaml
  ai_agent 10-11,13-14,16-17,19-20,22-23,25-26,28-29,31-32,34-35,37-38,40-44,46-47,49-50,154-155,307-308,697,721,924,927,930,933,936,939,942,945,948,951,954-957,960,963,969,981,984,987,990,993,999,1008,1017-1018,1021,1063,1068-1069,1088,1094,1097,1100,1103,1106,1130,1147-1148,1151,1191,1200,1203,1206,1209,1212,1254,1257,1280-1281,1330,1373,1378-1379,1446,1451-1452,1505-1506,1531,1570,1649-1650,1678,1703,1725,1762,1796,1854,1894,1909,1938-1939,1942,1970,1984-1985,2004,2038,2113-2114,2151,2194,2196-2197,2219,2248-2249,2280,2293,2375,2427,2465-2466,2494,2499-2500,2543,2583,2601,2624-2625,2631,2643,2678-2679,2686,2689,2719,2743,2748-2749,2795,2801,2815-2816,2823,2868,2880,2912-2913,2944,2990,3069,3100,3121,3130,3139,3142,3145,3148,3151,3154,3157,3160,3163,3166,3169,3172,3175,3178,3181,3184,3187,3190,3193,3196,3199,3202,3208,3211,3214,3220,3226,3250,3259,3325,3352,3384-3385,3388,3452,3460-3461,3480,3520,3566,3609,3617-3618,3640,3664,3716,3724-3725,3753,3784,3956,3971,3994-3995,4026,4035,4071,4074,4172-4173,4176,4179,4182,4185,4188,4191,4194,4212,4218,4338,4490-4491,4494,4642,4666,4675,4714,4717,4720,4850,4855-4856,4902,4996,5084,5301,5334,5374,5414,5472,5536,5618,5739,6059-6060,6202,6254,6272,6512,6529-6530,6657,6694,6771,6789,6795,6864,6900,6902-6903,6925,6947,6971,7032,7089,7094-7095,7131-7133,7135,7137-7139,7141,7143-7145,7147,7149-7151,7153,7155-7157,7159,7161-7163,7165,7167-7169,7171,7173-7175,7177,7179-7181,7183,7185-7187,7189,7191-7193,7195,7197-7203,7205,7207-7209,7211-7213,7215,7242,8299,9670,9681,9910,9950,9962,10332-10334,10336-10337,10351-10352,10359,10365,10371,10377,10383,10389,10395,10401,10407,10413,10419,10425,10431,10437,10443,10449,10455,10461,10467,10473,10479,10485,10491,10497,10503,10509,10515,10521,10527,10533,10539,10545,10551,10557,10563,10569,11565,11597,11695-11698,11710-11713,11842-11845,11934-11937,13579-13581,13823-13825,13827,17717,19328,21737,22393,22960,22965,22967-22968,23030,23032-23037,23039,23041,23043-23045,23047,23049-23053,23055,23057-23059,23061,23063-23065,23067,23069-23070,23072,23074,23076-23078,23080,23082-23084,23086,23088-23090,23092,23094-23096,23098,23100-23102,23104,23106-23114,23116,23118,23120,23124,23126-23129,23155,23157,23161,25341,25343,25348,25350-25351,25431,25550,25664-25670,26050,26056,26058-26059,26063,26069,26071-26072,26075,26127,26132,26489,26491-26493,26495,26501,26505,26507-26509,26516,26519,26530,26532,26539,26541,26543-26545,26550,26552,26554,26560,26568,26570,26605,26607,26609-26611,26616,26618,26620,26625,26629,26631,26658,26663,26666,26674,26676,26679,26681,26687,26690,26693,26695,26700,26702,26707,26709,26712,26714,26716,26722,26726,26728,26738,26740,26750,26752-26754,26756,26758,26763,26765-26767,26769,26771,26776,26778-26780,26783,26790,26792-26794,26797,26804,26806-26808,26810,26817,26819,26823,26825,26836,26838,26842,26844,26846-26847,26854,26856,26858-26859,26866,26868,26875,26877,26883,26885,26888,26890,26893,26895,27116,27118,27120,27128-27134,27140,27143,27150,27152-27156,27158,27161,27177,27179-27181,27193,27195,27200,27203,27209,27213,27261-27262,27266,27268-27269,27274,27291-27292,27336,27352,27652,27654-27655,27659,27663,27667,27669,27671,27673-27674,27677,27679,27681,27683,27686,27689-27694,27696,27698,27700-27703,27705,27707,27709-27714,27716,27719-27752,27755,27758-27798,27801,27803-27805,27811,27813,27820,27822,27829,27831,27838,27840-27842,27844,27846-27848,27850,27853-27856,27858,27860,27862-27866,27869,27871,27873-27877,27880,27882-27883,27885,27887-27888,27890,27892-27893,27896,27898-27899,27902,27904,27906-27907,27910,27912,27914-27915,27918,27920-27922,27924,27926-27928,27930,27932,27934-27956,27961,27963-27965,27968,27970-27972,27975,27977-27980,27984,27986-27987,28743,28746,28749-28753,28756,28760,28765,28767-28770,28773-28774,28780,28782-28784,28788,28792,28918-28922,28945-28949,29155-29158,29278-29282,29327,29461,30972,30988,31008,31376-31377,31460,31553,31555-31558,32550,36181,36183-36186,36188,36200,36202-36205,36207,36219,36221-36225,36237,36241-36244,37696,38207,38211,38839,41226,41231,41953,41959,41965,41971,41973,41996,42647,42649,42651,42653,42655,42657
packages/@n8n/agents/src/types/index.ts
  ai_agent 10,13
packages/@n8n/agents/src/runtime/model/messages.ts
  ai_agent 16,19,27-29,41-44,49-52,126,130-138,206-217,309-319,425
---
{
  "schema_version": "authorship/3.0.0",
  "git_ai_version": "1.5.2",
  "base_commit_sha": "f96944a38692acb3440ba53bdedbbbc349e18230",
  "prompts": {}
}